Left:
('D = ', [0.03890907013717361, 0.1845214797051622, -0.0065142754567141395, -0.0007264467237537389, 0.0])
('K = ', [814.664586591351, 0.0, 303.60637407842677, 0.0, 815.4654321257718, 226.70214367963843, 0.0, 0.0, 1.0])
('R = ', [0.9999942755125519, -0.0032611294826084864, -0.0009022065308321577, 0.003256807048005338, 0.9999834073887921, -0.004751647604070018, 0.0009176872989625298, 0.004748682090734578, 0.9999883038658116])
('P = ', [846.8765923929425, 0.0, 306.33233642578125, 0.0, 0.0, 846.8765923929425, 232.1126537322998, 0.0, 0.0, 0.0, 1.0, 0.0])

Right:
('D = ', [-0.04557397438968616, 0.11706553759729436, -0.00493674927152311, -0.0008555540317629293, 0.0])
('K = ', [815.4420373058819, 0.0, 306.01137436345607, 0.0, 816.336108269448, 240.61433912774984, 0.0, 0.0, 1.0])
('R = ', [0.9999980644099168, 0.0007153889430570649, -0.0018328652651460322, -0.0007066744431133863, 0.9999884650863209, 0.0047508215642520215, 0.0018362428084208854, -0.004749517129568369, 0.9999870350656476])
('P = ', [846.8765923929425, 0.0, 306.33233642578125, -75.74866644184834, 0.0, 846.8765923929425, 232.1126537322998, 0.0, 0.0, 0.0, 1.0, 0.0])
('self.T ', [-0.08944457847092577, -6.398778631072459e-05, 0.00016394017835368648])
('self.R ', [0.999991723527945, -0.003959066154599382, 0.0009373744148730242, 0.003967795757293484, 0.9999469857436007, -0.009501699801380934, -0.0008997068625706464, 0.009505340471054382, 0.9999544184762077])
None
# oST version 5.0 parameters


[image]

width
640

height
480

[narrow_stereo/left]

camera matrix
814.664587 0.000000 303.606374
0.000000 815.465432 226.702144
0.000000 0.000000 1.000000

distortion
0.038909 0.184521 -0.006514 -0.000726 0.000000

rectification
0.999994 -0.003261 -0.000902
0.003257 0.999983 -0.004752
0.000918 0.004749 0.999988

projection
846.876592 0.000000 306.332336 0.000000
0.000000 846.876592 232.112654 0.000000
0.000000 0.000000 1.000000 0.000000

# oST version 5.0 parameters


[image]

width
640

height
480

[narrow_stereo/right]

camera matrix
815.442037 0.000000 306.011374
0.000000 816.336108 240.614339
0.000000 0.000000 1.000000

distortion
-0.045574 0.117066 -0.004937 -0.000856 0.000000

rectification
0.999998 0.000715 -0.001833
-0.000707 0.999988 0.004751
0.001836 -0.004750 0.999987

projection
846.876592 0.000000 306.332336 -75.748666
0.000000 846.876592 232.112654 0.000000
0.000000 0.000000 1.000000 0.000000



Left:
('D = ', [0.03890907013717361, 0.1845214797051622, -0.0065142754567141395, -0.0007264467237537389, 0.0])
('K = ', [814.664586591351, 0.0, 303.60637407842677, 0.0, 815.4654321257718, 226.70214367963843, 0.0, 0.0, 1.0])
('R = ', [0.9999942755125519, -0.0032611294826084864, -0.0009022065308321577, 0.003256807048005338, 0.9999834073887921, -0.004751647604070018, 0.0009176872989625298, 0.004748682090734578, 0.9999883038658116])
('P = ', [846.8765923929425, 0.0, 306.33233642578125, 0.0, 0.0, 846.8765923929425, 232.1126537322998, 0.0, 0.0, 0.0, 1.0, 0.0])

Right:
('D = ', [-0.04557397438968616, 0.11706553759729436, -0.00493674927152311, -0.0008555540317629293, 0.0])
('K = ', [815.4420373058819, 0.0, 306.01137436345607, 0.0, 816.336108269448, 240.61433912774984, 0.0, 0.0, 1.0])
('R = ', [0.9999980644099168, 0.0007153889430570649, -0.0018328652651460322, -0.0007066744431133863, 0.9999884650863209, 0.0047508215642520215, 0.0018362428084208854, -0.004749517129568369, 0.9999870350656476])
('P = ', [846.8765923929425, 0.0, 306.33233642578125, -75.74866644184834, 0.0, 846.8765923929425, 232.1126537322998, 0.0, 0.0, 0.0, 1.0, 0.0])
('self.T ', [-0.08944457847092577, -6.398778631072459e-05, 0.00016394017835368648])
('self.R ', [0.999991723527945, -0.003959066154599382, 0.0009373744148730242, 0.003967795757293484, 0.9999469857436007, -0.009501699801380934, -0.0008997068625706464, 0.009505340471054382, 0.9999544184762077])
# oST version 5.0 parameters


[image]

width
640

height
480

[narrow_stereo/left]

camera matrix
814.664587 0.000000 303.606374
0.000000 815.465432 226.702144
0.000000 0.000000 1.000000

distortion
0.038909 0.184521 -0.006514 -0.000726 0.000000

rectification
0.999994 -0.003261 -0.000902
0.003257 0.999983 -0.004752
0.000918 0.004749 0.999988

projection
846.876592 0.000000 306.332336 0.000000
0.000000 846.876592 232.112654 0.000000
0.000000 0.000000 1.000000 0.000000

# oST version 5.0 parameters


[image]

width
640

height
480

[narrow_stereo/right]

camera matrix
815.442037 0.000000 306.011374
0.000000 816.336108 240.614339
0.000000 0.000000 1.000000

distortion
-0.045574 0.117066 -0.004937 -0.000856 0.000000

rectification
0.999998 0.000715 -0.001833
-0.000707 0.999988 0.004751
0.001836 -0.004750 0.999987

projection
846.876592 0.000000 306.332336 -75.748666
0.000000 846.876592 232.112654 0.000000
0.000000 0.000000 1.000000 0.000000

