image_width: 640
image_height: 480
camera_name: camera
camera_matrix:
  rows: 3
  cols: 3
  data: [815.4420373058819, 0, 306.0113743634561, 0, 816.336108269448, 240.6143391277498, 0, 0, 1]
distortion_model: plumb_bob
distortion_coefficients:
  rows: 1
  cols: 5
  data: [-0.04557397438968616, 0.1170655375972944, -0.00493674927152311, -0.0008555540317629293, 0]
rectification_matrix:
  rows: 3
  cols: 3
  data: [0.9999980644099168, 0.0007153889430570649, -0.001832865265146032, -0.0007066744431133863, 0.9999884650863209, 0.004750821564252022, 0.001836242808420885, -0.004749517129568369, 0.9999870350656476]
projection_matrix:
  rows: 3
  cols: 4
  data: [846.8765923929425, 0, 306.3323364257812, -75.74866644184834, 0, 846.8765923929425, 232.1126537322998, 0, 0, 0, 1, 0]