image_width: 640
image_height: 480
camera_name: usb_left
camera_matrix:
  rows: 3
  cols: 3
  data: [826.6795851262964, 0, 319.1787630939666, 0, 824.8883362274347, 237.1292169727148, 0, 0, 1]
distortion_model: plumb_bob
distortion_coefficients:
  rows: 1
  cols: 5
  data: [0.03626289502924705, 0.2047467667764975, -0.002557593571772965, 0.00689341452997486, 0]
rectification_matrix:
  rows: 3
  cols: 3
  data: [0.9999274734939684, 0.009259673121836115, -0.007701052242771378, -0.00930717151937346, 0.9999377444322308, -0.006154983191820312, 0.007643579676964904, 0.006226211806497864, 0.9999514038073363]
projection_matrix:
  rows: 3
  cols: 4
  data: [852.9485532653282, 0, 329.5452651977539, 0, 0, 852.9485532653282, 243.2542972564697, 0, 0, 0, 1, 0]