image_width: 640
image_height: 480
camera_name: usb_right
camera_matrix:
  rows: 3
  cols: 3
  data: [828.5909518051051, 0, 323.658625722048, 0, 826.2375870344373, 250.975377345003, 0, 0, 1]
distortion_model: plumb_bob
distortion_coefficients:
  rows: 1
  cols: 5
  data: [-0.04988188661010976, 0.07229127010108269, -0.002265732424230417, 0.004856577505091247, 0]
rectification_matrix:
  rows: 3
  cols: 3
  data: [0.9999022028969693, 0.01331669858841006, -0.004272022997756907, -0.01328999589195711, 0.9998923426737448, 0.006219250083584695, 0.00435438296199228, -0.006161866690852953, 0.9999715349688232]
projection_matrix:
  rows: 3
  cols: 4
  data: [852.9485532653282, 0, 329.5452651977539, -63.5878435675429, 0, 852.9485532653282, 243.2542972564697, 0, 0, 0, 1, 0]